00	183 40.4	-19 27.3	007 36.8	16.2	08.939	14.8	54.1
01	198 40.3	-19 27.9	022 09.8	16.2	08.939	14.8	54.1
02	213 40.1	-19 28.5	036 42.8	16.2	08.939	14.8	54.1
03	228 40.0	-19 29.1	051 15.7	16.2	08.939	14.8	54.1
04	243 39.9	-19 29.6	065 48.5	16.2	08.939	14.8	54.1
05	258 39.7	-19 30.2	080 21.3	16.2	08.939	14.8	54.1
06	273 39.6	-19 30.8	094 54.1	16.2	08.939	14.8	54.1
07	288 39.4	-19 31.4	109 26.8	16.2	08.939	14.8	54.1
08	303 39.3	-19 31.9	123 59.4	16.2	08.939	14.8	54.1
09	318 39.2	-19 32.5	138 32.0	16.2	08.939	14.8	54.1
10	333 39.0	-19 33.1	153 04.6	16.2	08.939	14.8	54.1
11	348 38.9	-19 33.7	167 37.1	16.2	08.939	14.8	54.1
12	003 38.7	-19 34.2	182 09.5	16.2	08.939	14.8	54.1	
13	018 38.6	-19 34.8	196 41.9	16.2	08.939	14.8	54.1
14	033 38.5	-19 35.4	211 14.3	16.2	08.939	14.8	54.1
15	048 38.3	-19 36.0	225 46.6	16.2	08.939	14.8	54.1
16	063 38.2	-19 36.5	240 18.8	16.2	08.939	14.8	54.1
17	078 38.0	-19 37.1	254 51.0	16.2	08.939	14.8	54.1
18	093 37.9	-19 37.7	269 23.2	16.2	08.939	14.8	54.1
19	108 37.7	-19 38.2	283 55.3	16.2	08.939	14.8	54.1
20	123 37.6	-19 38.8	298 27.3	16.2	08.939	14.8	54.0
21	138 37.4	-19 39.4	312 59.3	16.2	08.939	14.8	54.0
22	153 37.3	-19 40.0	327 31.3	16.2	08.939	14.8	54.0
23	168 37.2	-19 40.5	342 03.1	16.2	08.939	14.8	54.0
24	183 37.0	-19 41.1	356 35.0	16.2	08.939	14.8	54.0